371122
370829
532622
370205
141130
340711
130110
140881
632200
430112
140502
420800
630103
350825
230712
230207
511113
150627
441400
445122
230800
540327
150421
360731
370502
140723
220581
440100
130107
141002
410927
430703
360105
650102
410506
460321
340421
451028
110107
140429
330226
410108
370832
652828
511821
150721
420324
320623
510725
440310
361022
820000
632127
210702
610522
429004
653128
320400
110108
441424
341022
140204
469026
530822
130800
518107
120112
370900
450423
220722
230206
330327
340800
360323
632100
350921
220523
430626
500110
140603
520111
610527
230603
220113
431322
220182
110117
330326
533300
140821
360922
513230
451228
370702
141125
320803
361129
511921
341423
350722
440785
513221
469029
419001
420202
620722
654003
320103
540300
440604
330205
370703
622926
361027
500116
130200
510821
409041
530400
230921
530624
450205
540525
130125
150723
321182
440512
632800
530600
420105
540121
420504
130723
411726
513332
231121
211121
431223
620103
360202
500119
150404
371400
230602
632500
511526
350125
513429
530103
532924
420115
610803
340304
340811
341702
130603
530112
620922
350924
230109
360104
370602
520325
231221
370812
522627
370830
450802
653222
411322
620104
532901
522625
340600
141027
340222
320404
321102
520627
341002
420529
320104
441303
513424
632822
441402
230703
320382
341721
370481
420102
530428
530922
230404
350626
330305
140107
150925
632521
513222
331021
430281
150600
321282
320312
410222
331123
441600
210902
522701
210302
532327
511521
431221
230304
360921
371000
210202
341600
513426
360430
610725
513327
510823
513300
522636
152527
371312
520400
141100
431127
230229
110115
141030
130530
220283
430202
511304
533124
420802
520302
340302
320281
110111
360100
310112
530923
210900
120102
410323
370982
632723
621225
610825
430726
410185
370685
530125
150981
340824
210112
630121
371522
420205
654025
540235
420581
433101
511623
410600
511123
230124
130921
410782
540102
650502
610404
520624
610524
210682
140428
429006
500121
410811
211400
120111
451322
232701
140427
331022
140726
500105
500229
131102
420505
130922
610402
540328
321322
341203
430581
410804
410523
341000
341623
140211
220106
232723
410205
450722
360602
330105
522628
431381
370687
230506
540202
653125
411600
511124
360521
130207
430104
610724
341321
640106
431126
130229
430725
610329
370203
370611
610627
370200
530630
220582
410302
530902
440881
371311
520381
220822
451223
610881
231005
410223
360827
330110
510522
530625
210604
420683
510124
140882
130208
621223
530721
320113
530926
211204
610822
230126
532331
330182
230129
610625
140802
654223
330421
360828
511002
431129
341525
500111
341500
321284
130408
411300
440306
511322
360428
321300
610921
310103
320321
220284
130182
632624
450122
652701
130500
530128
410102
210903
532500
430700
640122
350421
530724
130821
510106
510304
500235
230833
140224
150303
410381
520621
530422
130423
431000
150202
140425
511527
150821
410305
430200
441200
621200
210500
510726
410200
230715
211104
632600
370125
320111
150922
340604
532925
341800
430111
211122
230400
431226
510180
410103
610426
532626
310115
371602
320703
450105
500113
131026
341004
220202
420325
210782
210804
152522
640423
620623
140203
652826
511723
210283
430521
513334
350200
420112
632122
450312
650200
440607
520526
340703
120105
210106
340503
460107
522622
411702
410306
421122
360924
140522
610631
511725
654326
540230
500109
340321
360803
140729
441702
621222
511602
429021
610102
610702
450924
140202
152525
341204
410184
230104
500153
640221
430426
152501
210204
152922
441882
652328
220400
140110
330500
513432
350881
632126
640422
513336
421125
469005
522326
230183
431200
370783
130682
231222
320802
610926
510181
659002
371002
630105
441723
441203
530581
330302
522730
211100
620525
420106
211421
420902
650121
500156
532801
441302
510302
450502
370786
650100
611000
130827
150222
623001
110112
230303
410724
520327
141182
231224
410923
450821
350302
361181
520222
632522
445100
331003
141025
654321
210681
510903
632221
370725
130802
230102
530500
210114
101200
540622
621122
131023
350923
540629
513231
321081
340828
360782
331122
620902
130681
410526
410304
500152
130826
640205
530827
150300
310101
510100
510724
360734
620700
540421
340504
230904
411081
230321
231085
500242
210911
620622
610431
340881
500233
210102
150223
450804
411681
230713
211221
610303
440281
440117
540628
411121
653022
330424
370283
370921
230421
340181
430500
211103
370212
652100
421121
611023
620100
520628
421100
130984
340702
422800
130903
540524
422801
510704
130622
632626
620300
610114
130822
411724
533100
469028
370826
150302
140322
440113
431102
513226
130209
340827
510727
371083
540626
445303
210404
410212
330600
533102
330502
131126
520328
230604
152529
431025
622923
150785
411100
411528
430100
371329
430921
231281
310113
511381
450403
140524
340111
532823
371328
370406
210104
411000
341226
445381
130930
430900
430529
211403
421224
341621
611025
370831
341122
360981
411723
210300
511622
522723
440608
430482
520523
520181
451103
140828
230302
450328
330481
441502
321003
441224
131000
220281
513225
532624
370202
440305
500120
620524
222424
520330
360700
450600
350206
451229
632001
130535
350205
430407
320107
130633
360424
510812
410404
350429
500115
520403
430105
220112
451121
420921
610523
511781
371502
130223
360426
610331
341823
513325
522635
411625
210200
411627
420111
532930
140108
450206
420200
110229
331004
230903
150524
330211
370828
620122
520382
420114
210503
410204
130302
230711
420625
410311
370323
460205
360681
500240
510504
610422
320116
320504
652801
360123
330727
350505
411327
340422
370322
350926
360729
511902
320602
150203
610824
330328
130230
532926
620826
211200
130926
371625
371402
440111
211303
360826
530122
130703
330683
420322
130133
620924
152526
220702
451021
410411
510722
140927
141028
120225
310110
540100
451321
350128
540225
321111
141024
360600
630104
610582
650522
130183
532529
150104
431103
140932
140702
330602
360830
220204
522729
350823
440523
230230
610829
610730
371200
411329
410825
520200
220221
510112
350502
610115
411082
330900
130324
513433
211322
231084
130705
150603
469021
320831
511132
513337
510105
520300
360500
350425
533122
150525
440802
420281
532324
320114
320322
320902
513229
370781
341282
440882
320721
411425
420117
530629
441223
500101
220300
440983
652200
320812
451423
130684
140623
440500
230803
442000
141026
130728
421102
513338
640181
340300
653126
370684
610621
610900
511528
371721
469023
210203
330881
350628
512022
350625
330624
410800
150926
210802
330824
130730
532531
420624
341602
650103
532322
532502
653000
652101
130127
510502
411281
430822
320411
500241
320405
533325
630123
431123
360403
350424
441621
340100
140100
430421
150727
500104
360281
653223
540500
211422
511421
210224
654322
533324
659008
360821
441324
130323
441300
620200
370634
440883
150502
650521
540522
510800
340123
411171
140929
130400
450327
441802
230184
532329
622924
469025
420502
445202
652927
130629
421126
522624
350423
340225
411224
220724
652302
530302
441422
341825
440515
330803
460322
511424
110116
540521
445300
130923
510922
360111
540103
610722
610528
230709
522700
440803
350623
420104
110114
450126
441421
511681
410502
510604
150626
640324
450902
211005
230305
140823
370700
513331
310114
130132
230112
510402
430300
533422
430381
220122
150205
341521
130623
522325
411624
622900
370724
620921
140930
310118
610728
340303
410326
150927
140923
440204
620503
440103
230722
140122
411628
210803
533421
530181
511802
441800
410704
140431
540234
522631
440507
360124
210921
330304
107220
450100
530111
231004
130729
440308
140226
410100
450621
370523
321200
331124
450332
361124
411326
621027
511529
632725
621125
610122
530426
440904
152523
330104
522323
231283
532323
211300
420116
441521
330822
421127
220605
340103
520122
469007
320684
421300
230524
231083
360423
220402
150924
511826
411103
621023
210603
320205
231100
431382
540226
440600
441202
350525
370613
441426
520422
140205
130204
440183
640323
511900
621226
320612
230902
510184
451031
530826
620822
621121
540322
421023
340802
511603
350723
150526
510322
440282
150823
330522
211381
500230
621124
210727
652702
511324
411526
370213
441225
410781
232702
150800
411700
513228
320206
620982
610632
210600
513323
320826
231024
520500
131182
500102
653121
511600
340221
530628
360222
440229
420821
330681
431003
451000
522727
530121
522633
451203
150781
511523
410422
141128
511524
130581
532923
370882
520622
210881
610103
630102
231200
310117
610628
310105
130982
659001
610330
131124
140721
451302
320203
440105
430525
431228
140931
210421
371324
530423
410522
441823
431224
652800
360502
130184
140622
620502
411222
652822
140121
530802
231225
350925
431021
210411
150123
530427
222400
330521
510603
610629
510104
450521
622901
411422
623021
360923
511025
211011
350524
440606
652929
430221
530323
140303
422823
330922
410711
411402
623000
530700
150423
410802
659007
440704
370802
632625
610600
653122
530326
150102
410581
530626
610626
360200
500112
431028
510503
469030
610126
140411
350105
654225
450322
330702
130227
152900
632623
230208
222402
420528
511400
411321
610113
530124
340311
371724
210703
441523
540531
520123
430528
370522
532929
632525
451400
513430
341222
610300
360723
530829
330111
445200
620725
310230
540302
520201
653101
411002
410325
140311
140830
141033
150824
331024
530113
130225
430321
520423
540200
433127
450302
370683
140781
130624
542525
230382
540621
230710
450123
621024
620602
420525
360702
330381
430412
500107
445103
440511
350521
320582
230123
130303
532922
621202
222405
422802
520114
440781
430903
530100
370827
130111
440825
440205
360732
230224
451025
230811
411122
320723
445222
140581
450503
370402
131022
421181
211223
610400
211324
320500
422828
152202
640105
350725
640300
540321
450404
370800
522324
220524
654023
540224
210602
320707
469006
321012
430422
620981
152524
341504
510114
340502
450400
620802
640381
232721
330203
220102
654226
420582
520103
522728
211002
511503
433122
431321
440981
510421
445102
430481
341102
441602
430624
410621
230128
450500
360926
520113
230523
652325
130300
130627
220183
510500
632321
330703
141127
513436
370505
120101
330503
210423
445221
152530
211202
370282
510422
130824
152224
420526
130407
540123
620621
621228
450326
640100
371728
441622
451202
370285
440304
320903
430424
420626
540228
320311
360829
540326
420381
371725
350721
130529
411330
130432
610500
513223
510122
360203
320302
610200
340223
211102
610481
350104
451023
140212
440224
371103
513425
150207
361025
450324
230714
530823
220104
141022
141023
500228
230100
420607
610521
652901
330802
430902
540423
510132
522322
140824
130203
610327
511722
510303
231123
130902
130128
411728
440232
410503
411621
210504
540221
450330
410481
410922
210311
520121
350123
210381
140928
411303
610302
510703
131100
330283
540424
610429
230203
410105
360427
230204
140109
340602
350304
150204
520626
140227
131003
230702
140223
653001
451421
411500
441624
451425
371722
540233
420703
210124
540502
230606
532301
150900
430502
451224
371600
341503
430981
441625
340700
520421
640500
410728
654301
530304
130924
430224
350602
130727
371500
370811
445121
430821
211402
430203
211481
230881
520522
310109
350981
130434
370405
430522
632622
410882
370281
500117
542500
360781
431229
222426
370112
511126
320811
320600
622925
211281
140200
513328
210211
230708
510525
653201
620201
371723
120223
331125
652925
341221
611022
150426
360321
210905
340323
430523
520502
350182
210105
320505
130726
350784
340207
410202
420204
530522
140521
430723
140421
510521
360402
469001
371700
350430
320982
532928
430302
330102
410425
450900
420900
210115
152221
441481
340322
360727
542524
320706
341824
431125
411725
370103
610729
152200
310107
130124
422825
620824
441427
520602
520112
510321
370600
540325
110101
511500
440311
510116
540231
430304
370500
230125
330784
361028
411024
361126
450200
130131
150402
120103
650205
410726
632524
540426
210282
130403
331100
530921
510723
440114
360425
431002
520102
620724
620102
650107
150725
340104
360822
513437
331002
451324
450203
150702
230707
511011
430802
371603
420602
220602
370983
150400
420981
320904
150625
610726
623026
420583
360400
610703
350582
520402
632323
411323
211004
522328
310104
440783
654024
511721
130823
320611
440104
653131
621022
411302
450102
530524
411525
350526
654200
654324
610623
371403
371121
632724
532524
130283
371726
430524
610831
513232
450703
513423
141031
110228
530425
140722
152201
511823
511323
610202
150722
421123
320324
130424
411282
460100
131081
630122
211003
320921
610112
610124
469031
620403
130123
150206
421083
659005
530723
131122
310106
640502
371428
540236
632823
340121
150304
130126
510600
210624
140922
410104
370682
371102
140924
220503
321183
422826
430923
420881
340202
331023
433100
440222
410926
371323
513233
610116
511133
320925
330200
370113
610924
150622
445321
320115
431100
430102
350111
522630
370105
361128
640202
420982
411721
513428
511425
361000
330781
532326
440200
610826
610525
130630
152500
410900
131025
130100
130825
330411
220881
440705
410182
421182
211302
431300
652722
330402
230281
632523
130431
632722
421302
150621
410324
341023
330902
211224
360726
350300
141122
320700
140123
408810
652122
350504
420113
330303
220421
130900
150921
340102
340522
430721
130281
520521
130430
510300
330127
231002
370284
230882
360724
610602
231102
330112
130102
130103
511028
360429
360900
640400
632324
330523
451029
653200
340823
320924
450103
632121
370911
520527
421223
131121
370303
230306
420704
210281
511922
532532
210726
130108
321000
140822
321302
371325
320303
510682
441284
654323
650105
230127
451200
331082
360722
431027
410482
130709
230804
530523
451102
330726
532328
320509
610928
632123
130702
540329
511700
652700
511112
430382
522300
150783
411400
431225
350402
420203
540330
140829
640424
640402
130528
371621
440300
413241
460323
522301
533423
420506
320900
623022
530324
654028
130803
511100
350583
540425
321088
341502
211382
513324
150221
540624
513330
460202
652928
130205
610630
610902
361122
530129
652825
320507
152502
610423
410181
231081
330324
130404
371521
320105
500231
421000
450721
652300
620111
131103
431122
610827
141102
320402
131024
360603
513333
230826
710000
433126
350428
140424
620825
320923
420682
431128
220802
340203
211321
441803
540600
510921
450303
411424
451100
330213
540104
150700
340826
540623
440784
640200
610925
371425
511827
330329
130632
210213
451027
511303
440309
510121
220103
220282
131127
341202
321112
652923
511321
230503
220200
140221
431121
420527
320481
130722
510107
640104
622922
330700
532625
410721
610800
652922
371523
431024
130731
510400
350627
530381
350322
330621
330281
230500
450127
513224
150724
371525
530925
450881
520321
632700
420822
620522
370211
130502
330782
320800
341524
654201
321323
330382
429005
370302
140921
411521
231182
120106
513431
350303
510683
620723
411102
430503
130828
520329
430800
430124
220403
141126
411381
410823
350426
210303
611002
130322
130708
230110
411523
140826
360823
230403
350121
371203
469003
370902
220323
622927
469027
410928
620402
350782
130625
451024
420300
540232
130638
150522
513321
411423
422822
652123
120104
653024
411722
654202
410403
510115
320124
431202
450702
440233
654300
321204
370782
150826
411502
350100
440402
430603
610203
230700
441283
410700
620521
450226
341021
141032
150623
130433
371423
610328
532300
620422
130636
440513
330783
421221
511903
411602
433123
610222
411522
450981
150902
130628
532503
421087
610118
131082
710001
130600
371326
410327
532628
520603
530126
321011
522725
522632
510824
431124
220700
140602
511325
350124
652827
341881
350822
360925
131128
520323
540122
441323
420222
140302
451022
430204
210422
350824
540523
230221
340825
371327
130721
632224
532927
431026
371623
540602
530403
511181
110113
220623
141034
441827
361100
370321
361021
421281
341422
420100
360730
230605
130706
220721
652824
361026
430511
420500
320282
320621
420103
210323
370305
654021
341225
410122
433130
511702
430225
340803
340404
441825
411328
440902
360421
360881
130929
350803
150523
530702
451381
411025
230805
232700
130634
410303
640121
522201
469032
440800
220800
340200
220502
510182
450202
620923
220303
420700
610727
640303
330282
152223
513400
522623
361123
431230
320506
341822
532325
532600
511102
220211
370612
230113
411527
530900
653227
371082
321002
430211
510781
220100
350681
510131
530127
150200
511423
370214
650402
450512
341324
130104
451030
370881
130130
659003
140624
513322
361023
410883
320213
321101
321203
350900
621224
222406
632128
130425
540400
532527
130582
421024
371302
361024
230422
441623
440203
320681
211404
330103
371581
450124
230900
542527
451227
361003
540223
450329
371202
150124
130524
411221
410611
450108
513200
522726
361130
150929
371100
152923
620600
350821
210214
150802
371626
513427
350211
320804
230521
430181
331126
141021
652829
532601
411200
130406
441322
220381
511923
320211
530824
141081
210800
410702
210711
210781
610326
512002
210521
620702
140222
371702
653129
370503
652823
522634
321281
430724
520221
451122
370705
430405
320305
441700
512000
450923
431302
621227
510113
460106
610828
370704
341003
621100
520326
410421
360622
450803
210103
150726
621002
623023
410622
371300
520600
220500
420606
220882
350181
623025
340603
450224
131123
411325
510900
610830
141082
410527
140700
350781
450602
542523
150105
540529
533321
360482
411481
610104
460108
441781
654000
610428
350481
530300
469002
360728
350503
540625
510623
433124
230402
150822
220622
360725
622921
210522
210502
341100
451424
430527
350802
140300
141000
440605
611024
320724
140827
530825
320200
410329
131181
370300
632222
450800
530800
410328
659006
522600
513401
140181
530927
532931
330212
620123
532526
420804
441226
341125
330400
411426
360735
150923
150121
540227
130621
411623
410183
330483
371322
520303
450125
445224
440900
450921
360800
540124
522327
231226
140423
210321
532900
620400
451026
511300
370404
500151
522428
420321
150784
130725
421022
440184
430623
350213
610700
130604
410106
110105
230822
659004
610922
510129
513227
321283
532932
141121
540528
130421
371703
230300
231124
610427
620821
420922
511129
360982
420107
450405
450422
522224
440982
411104
341821
652323
410322
140481
230716
440811
410300
451221
150521
433125
451300
430722
530325
441821
320100
230405
120116
222403
450323
411202
630100
341802
220302
653221
321324
150624
130402
150422
220521
410505
530402
210123
330482
231086
452031
441500
321023
120221
500237
450304
360983
620900
532530
520625
340124
330604
320482
220181
140621
500118
653123
410902
421321
410500
542526
469022
210811
430811
360481
130109
410221
120115
220203
350603
361125
530924
653100
652327
653023
530602
530303
512021
500103
320922
230231
341622
610723
340822
650203
361121
430223
130185
511822
361127
370785
511111
653124
410400
611021
411626
532800
130981
341300
530621
533123
231181
511724
610111
330108
360103
450305
610923
430408
230223
330109
420684
632821
150425
130105
150403
440700
650109
640425
522722
210111
652324
130637
210400
540229
320583
230522
371524
131125
150429
632223
530722
350103
522601
320981
110109
140600
451422
450300
320585
411729
421202
420702
150430
522702
610324
621221
610100
130521
140106
511302
520322
141123
140430
371321
331081
130983
340722
650104
450204
460200
222404
621025
450109
320214
360322
130224
330300
621123
350403
350212
640302
371481
510311
360121
431081
421081
431023
421222
450481
540630
141181
130533
141029
411524
460105
130724
371426
210403
632726
511502
510923
320300
130928
130733
340621
421003
370124
130927
330322
440823
620500
620523
451402
420984
152531
130793
211282
150825
140525
650106
371482
511800
341424
420302
610581
410423
440106
320722
230205
320102
445281
654022
654325
330206
350629
540627
513326
451226
360302
440303
411727
450421
469024
350600
152528
330723
510524
450311
410603
653224
430406
540422
370102
130532
440804
130526
652723
350783
513329
511402
530424
440115
500154
140321
150581
330122
210904
350102
610603
330800
341302
653226
532822
445322
350982
540323
540222
440307
441423
110106
430922
542521
530502
533323
230828
440403
350724
540324
420323
430681
430103
350527
222401
430682
210700
150782
140925
511000
350624
371424
632322
530102
513434
610204
110102
440514
350203
610425
230600
211081
340400
520425
421200
460201
130602
130534
232704
440112
231000
230407
341200
652201
621026
653130
510183
510822
130925
500155
610929
511825
360824
230622
140727
140902
520623
230505
445203
230623
320829
350703
230781
652926
520524
370883
654026
410822
330106
532523
511525
370400
130635
610927
211021
140426
610802
330921
350922
450325
510108
230705
230704
430423
230108
532627
320106
120114
451222
130531
230103
370100
232722
341182
230202
361030
150602
469033
340406
610424
210402
654004
331121
410203
210113
210100
530828
530521
360122
130503
420303
652900
341322
360102
450331
361002
632701
422827
431022
440404
410402
210181
430600
450107
621021
341522
420503
130523
130683
360802
230406
610430
340521
451225
430621
341323
540530
232703
340405
230200
140728
421124
532623
532528
431281
441204
450603
350400
610322
130426
621000
621102
140926
451481
130129
341126
320508
451323
220821
140500
130121
152921
410703
520115
440703
500236
620321
150122
360825
320125
130304
341124
371622
320682
441721
140800
430602
610721
540237
370306
421002
410602
411503
141124
513435
441900
542522
410727
540402
220621
340402
653127
130481
130732
430121
220681
210505
340706
445302
533400
220105
140402
520424
530821
230182
130427
371081
411003
522732
650204
321084
441826
220382
611026
431222
340122
141129
620121
610622
130804
230381
361102
510700
140725
620423
231282
230624
131028
520324
632621
632300
370784
140981
130631
653225
331181
620823
230502
450223
511824
320381
350800
441581
230227
620302
350500
500108
150103
120113
621126
350112
230307
650202
421381
330682
130527
500114
231223
654224
510904
211000
350622
130435
321202
130181
310120
532501
140400
410725
152222
140724
321181
130626
411421
420923
371422
411403
350702
360721
340403
451123
220723
652301
632802
665400
150424
350305
341722
231003
440118
210882
150928
331000
341700
520100
610304
430702
220600
370403
140900
522626
530322
360704
511703
654221
640521
610502
510681
370304
340208
520525
450700
370923
652924
320830
370686
610323
511621
371526
533103
230111
410225
620721
610526
430611
530627
450222
540527
331102
330903
120110
230621
810000
341523
370126
450681
370104
130700
450922
350902
210922
231202
411622
440400
510403
140825
500243
370681
522629
360300
620421
210304
130202
540127
130321
130522
360902
530622
610403
350700
150125
320581
511024
330225
341723
341103
430781
632801
360733
530421
350581
530623
210212
431227
340500
350122
610117
360313
510802
140225
140105
522731
371427
331127
640522
361029
520203
230225
532525
430400
450321
310116
411324
420600
330825
450225
451002
150428
513422
511403
370114
130525
513335
500238
510411
321311
320412
341181
620800
341024
230706
350427
500106
410803
150500
654027
623024
654002
220322
330100
623027
231025
131002
410821
150100
220422
510811
620105
440116
441881
540526